,impressions,date,reach
0,1438,2021-02-07,1294
1,1195,2021-02-08,1078
2,451,2021-02-09,348
3,108,2021-02-10,99
4,163,2021-02-11,31
5,915,2021-02-12,837
6,578,2021-02-13,480
7,170,2021-02-14,136
8,170,2021-02-14,136
9,97,2021-02-15,52
10,649,2021-02-16,431
11,84,2021-02-17,65
12,54,2021-02-18,27
13,44,2021-02-19,26
14,53,2021-02-20,22
15,53,2021-02-21,27
16,53,2021-02-21,27
17,56,2021-02-22,26
18,349,2021-02-23,36
19,86,2021-02-24,40
20,39,2021-02-25,21
21,1203,2021-02-26,1147
22,237,2021-02-27,185
23,106,2021-02-28,62
24,106,2021-02-28,62
25,47,2021-03-01,37
26,29,2021-03-02,17
27,43,2021-03-03,30
28,98,2021-03-04,28
29,35,2021-03-05,16
30,309,2021-03-06,18
31,63,2021-03-07,26
32,63,2021-03-07,26
33,1063,2021-03-08,1001
34,347,2021-03-09,259
35,946,2021-03-10,810
36,301,2021-03-11,196
37,642,2021-03-12,524
38,224,2021-03-13,189
39,97,2021-03-14,79
40,97,2021-03-14,79
41,1254,2021-03-15,1090
42,242,2021-03-16,183
43,174,2021-03-17,51
44,45,2021-03-18,31
45,144,2021-03-19,27
46,107,2021-03-20,28
47,35,2021-03-21,22
48,35,2021-03-21,22
49,65,2021-03-22,38
50,29,2021-03-23,23
51,103,2021-03-24,21
52,928,2021-03-25,770
53,204,2021-03-26,169
54,120,2021-03-27,59
55,47,2021-03-28,16
56,47,2021-03-28,16
57,49,2021-03-29,20
58,38,2021-03-30,33
59,49,2021-03-31,21
60,111,2021-04-01,100
61,890,2021-04-02,794
62,197,2021-04-03,173
63,55,2021-04-04,49
64,55,2021-04-04,49
65,53,2021-04-05,26
66,94,2021-04-06,32
67,65,2021-04-07,23
68,103,2021-04-08,37
69,48,2021-04-09,25
70,454,2021-04-10,374
71,52,2021-04-11,43
72,52,2021-04-11,43
73,79,2021-04-12,24
74,546,2021-04-13,465
75,162,2021-04-14,142
76,143,2021-04-15,92
77,61,2021-04-16,39
78,43,2021-04-17,27
79,66,2021-04-18,28
80,66,2021-04-18,28
81,74,2021-04-19,29
82,987,2021-04-20,781
83,670,2021-04-21,273
84,814,2021-04-22,635
85,1384,2021-04-23,1207
86,468,2021-04-24,356
87,205,2021-04-25,100
88,205,2021-04-25,100
89,102,2021-04-26,44
90,137,2021-04-27,30
91,233,2021-04-28,197
92,1478,2021-04-29,1131
93,126,2021-04-30,115
94,68,2021-05-01,37
95,130,2021-05-02,20
96,130,2021-05-02,20
97,3035,2021-05-03,2704
98,485,2021-05-04,374
99,581,2021-05-05,546
100,1885,2021-05-06,1376
101,533,2021-05-07,384
102,107,2021-05-08,47
103,79,2021-05-09,27
104,79,2021-05-09,27
105,38,2021-05-10,23
106,39,2021-05-11,22
107,44,2021-05-12,14
108,107,2021-05-13,60
109,125,2021-05-14,24
110,50,2021-05-15,21
111,889,2021-05-16,736
112,889,2021-05-16,736
113,1341,2021-05-17,934
114,429,2021-05-18,309
115,135,2021-05-19,73
116,1023,2021-05-20,713
117,237,2021-05-21,208
118,77,2021-05-22,66
119,79,2021-05-23,44
120,79,2021-05-23,44
121,1510,2021-05-24,754
122,626,2021-05-25,474
123,115,2021-05-26,94
124,236,2021-05-27,31
125,49,2021-05-28,14
126,57,2021-05-29,25
127,49,2021-05-30,21
128,49,2021-05-30,21
129,223,2021-05-31,30
130,34,2021-06-01,25
131,25,2021-06-02,17
132,78,2021-06-03,11
133,134,2021-06-04,14
134,35,2021-06-05,15
135,28,2021-06-06,14
136,28,2021-06-06,14
137,110,2021-06-07,12
138,1221,2021-06-08,810
139,425,2021-06-09,326
140,112,2021-06-10,89
141,47,2021-06-11,35
142,69,2021-06-12,31
143,74,2021-06-13,28
144,74,2021-06-13,28
145,48,2021-06-14,22
146,43,2021-06-15,22
147,40,2021-06-16,24
148,61,2021-06-17,22
149,50,2021-06-18,21
150,35,2021-06-19,18
151,391,2021-06-20,340
152,391,2021-06-20,340
153,152,2021-06-21,131
154,1465,2021-06-22,1307
155,262,2021-06-23,201
156,51,2021-06-24,38
157,28,2021-06-25,19
158,33,2021-06-26,23
159,25,2021-06-27,18
160,25,2021-06-27,18
161,881,2021-06-28,731
162,544,2021-06-29,461
163,142,2021-06-30,123
164,60,2021-07-01,47
165,112,2021-07-02,31
166,68,2021-07-03,34
167,68,2021-07-04,34
168,68,2021-07-04,34
169,77,2021-07-05,37
170,33,2021-07-06,25
171,31,2021-07-07,25
172,35,2021-07-08,30
173,128,2021-07-09,104
174,148,2021-07-10,59
175,51,2021-07-11,26
176,51,2021-07-11,26
177,226,2021-07-12,39
178,1162,2021-07-13,925
179,217,2021-07-14,193
180,88,2021-07-15,62
181,94,2021-07-16,39
182,38,2021-07-17,34
183,233,2021-07-18,90
184,233,2021-07-18,90
185,489,2021-07-19,286
186,416,2021-07-20,374
187,101,2021-07-21,86
188,26,2021-07-22,21
189,46,2021-07-23,29
190,57,2021-07-24,34
191,73,2021-07-25,64
192,73,2021-07-25,64
193,2468,2021-07-26,1617
194,851,2021-07-27,559
195,556,2021-07-28,396
196,218,2021-07-29,186
197,102,2021-07-30,56
198,1116,2021-07-31,956
199,322,2021-08-01,261
200,322,2021-08-01,261
201,198,2021-08-02,146
202,98,2021-08-03,60
203,306,2021-08-04,250
204,230,2021-08-05,189
205,684,2021-08-06,607
206,538,2021-08-07,497
207,124,2021-08-08,85
208,124,2021-08-08,85
209,675,2021-08-09,538
210,298,2021-08-10,218
211,414,2021-08-11,363
212,279,2021-08-12,166
213,123,2021-08-13,67
214,108,2021-08-14,73
215,91,2021-08-15,72
216,91,2021-08-15,72
217,117,2021-08-16,70
218,135,2021-08-17,49
219,167,2021-08-18,65
220,734,2021-08-19,615
221,321,2021-08-20,284
222,124,2021-08-21,99
223,2730,2021-08-22,2033
224,2730,2021-08-22,2033
225,676,2021-08-23,537
226,1556,2021-08-24,1368
227,320,2021-08-25,250
228,899,2021-08-26,585
229,1342,2021-08-27,964
230,335,2021-08-28,257
231,123,2021-08-29,100
232,123,2021-08-29,100
233,521,2021-08-30,440
234,1682,2021-08-31,1418
235,826,2021-09-01,672
236,1808,2021-09-02,1408
237,361,2021-09-03,193
238,133,2021-09-04,98
239,351,2021-09-05,159
240,351,2021-09-05,159
241,332,2021-09-06,165
242,275,2021-09-07,209
243,116,2021-09-08,57
244,1294,2021-09-09,1021
245,426,2021-09-10,312
246,121,2021-09-11,106
247,55,2021-09-12,43
248,55,2021-09-12,43
249,30,2021-09-13,25
250,355,2021-09-14,283
251,141,2021-09-15,100
252,464,2021-09-16,367
253,254,2021-09-17,157
254,116,2021-09-18,80
255,47,2021-09-19,38
256,47,2021-09-19,38
257,72,2021-09-20,35
258,747,2021-09-21,412
259,512,2021-09-22,230
260,626,2021-09-23,237
261,1025,2021-09-24,773
262,123,2021-09-25,115
263,91,2021-09-26,77
264,91,2021-09-26,77
265,37,2021-09-27,28
266,155,2021-09-28,38
267,137,2021-09-29,84
268,751,2021-09-30,296
269,705,2021-10-01,445
270,363,2021-10-02,261
271,109,2021-10-03,91
272,109,2021-10-03,91
273,77,2021-10-04,31
274,34,2021-10-05,28
275,710,2021-10-06,596
276,672,2021-10-07,418
277,435,2021-10-08,300
278,210,2021-10-09,84
279,252,2021-10-10,52
280,252,2021-10-10,52
281,704,2021-10-11,515
282,366,2021-10-12,290
283,161,2021-10-13,122
284,72,2021-10-14,66
285,543,2021-10-15,429
286,267,2021-10-16,211
287,91,2021-10-17,70
288,91,2021-10-17,70
289,94,2021-10-18,34
290,935,2021-10-19,731
291,256,2021-10-20,215
292,296,2021-10-21,263
293,117,2021-10-22,90
294,80,2021-10-23,66
295,738,2021-10-24,573
296,738,2021-10-24,573
297,319,2021-10-25,231
298,94,2021-10-26,61
299,1552,2021-10-27,1440
300,850,2021-10-28,643
301,190,2021-10-29,91
302,98,2021-10-30,37
303,437,2021-10-31,360
304,437,2021-10-31,360
305,536,2021-11-01,360
306,713,2021-11-02,409
307,762,2021-11-03,531
308,357,2021-11-04,283
309,141,2021-11-05,108
310,63,2021-11-06,42
311,70,2021-11-07,33
312,70,2021-11-07,33
313,498,2021-11-08,426
314,181,2021-11-09,166
315,116,2021-11-10,87
316,360,2021-11-11,286
317,347,2021-11-12,296
318,117,2021-11-13,58
319,423,2021-11-14,277
320,423,2021-11-14,277
321,822,2021-11-15,443
322,900,2021-11-16,270
323,143,2021-11-17,101
324,303,2021-11-18,32
325,32,2021-11-19,24
326,53,2021-11-20,29
327,60,2021-11-21,28
328,60,2021-11-21,28
329,395,2021-11-22,329
330,1024,2021-11-23,917
331,180,2021-11-24,145
332,497,2021-11-25,395
333,176,2021-11-26,99
334,50,2021-11-27,46
335,125,2021-11-28,45
336,125,2021-11-28,45
337,64,2021-11-29,31
338,242,2021-11-30,47
339,1283,2021-12-01,1071
340,321,2021-12-02,254
341,303,2021-12-03,243
342,160,2021-12-04,87
343,440,2021-12-05,384
344,440,2021-12-05,384
345,245,2021-12-06,123
346,241,2021-12-07,132
347,76,2021-12-08,49
348,76,2021-12-09,48
349,406,2021-12-10,317
350,212,2021-12-11,33
351,45,2021-12-12,31
352,45,2021-12-12,31
353,388,2021-12-13,302
354,589,2021-12-14,315
355,141,2021-12-15,111
356,1000,2021-12-16,819
357,159,2021-12-17,138
358,69,2021-12-18,56
359,51,2021-12-19,37
360,51,2021-12-19,37
361,930,2021-12-20,465
362,776,2021-12-21,429
363,476,2021-12-22,232
364,131,2021-12-23,103
365,62,2021-12-24,40
366,73,2021-12-25,34
367,52,2021-12-26,28
368,52,2021-12-26,28
369,62,2021-12-27,39
370,89,2021-12-28,34
371,31,2021-12-29,21
372,43,2021-12-30,32
373,68,2021-12-31,21
374,57,2022-01-01,26
375,46,2022-01-02,25
376,46,2022-01-02,25
377,245,2022-01-03,42
378,249,2022-01-04,210
379,66,2022-01-05,27
380,50,2022-01-06,25
381,65,2022-01-07,21
382,102,2022-01-08,34
383,88,2022-01-09,33
384,88,2022-01-09,33
385,44,2022-01-10,31
386,37,2022-01-11,22
387,770,2022-01-12,639
388,133,2022-01-13,122
389,704,2022-01-14,537
390,225,2022-01-15,142
391,107,2022-01-16,56
392,107,2022-01-16,56
393,100,2022-01-17,54
394,70,2022-01-18,22
395,1889,2022-01-19,1347
396,704,2022-01-20,483
397,1348,2022-01-21,939
398,1020,2022-01-22,512
399,1135,2022-01-23,961
400,1135,2022-01-23,961
401,1341,2022-01-24,1021
402,822,2022-01-25,661
403,383,2022-01-26,298
404,162,2022-01-27,142
405,111,2022-01-28,66
406,54,2022-01-29,45
407,53,2022-01-30,39
408,53,2022-01-30,39
409,193,2022-01-31,65
410,500,2022-02-01,413
411,266,2022-02-02,229
412,117,2022-02-03,103
413,91,2022-02-04,64
414,101,2022-02-05,46
415,85,2022-02-06,48
416,85,2022-02-06,48
417,58,2022-02-07,40
418,120,2022-02-08,53
419,142,2022-02-09,56
420,118,2022-02-10,59
421,75,2022-02-11,40
422,92,2022-02-12,63
423,74,2022-02-13,47
424,74,2022-02-13,47
425,48,2022-02-14,32
426,71,2022-02-15,47
427,58,2022-02-16,49
428,90,2022-02-17,51
429,120,2022-02-18,58
430,126,2022-02-19,101
431,73,2022-02-20,34
432,73,2022-02-20,34
433,45,2022-02-21,28
434,295,2022-02-22,247
435,100,2022-02-23,88
436,145,2022-02-24,61
437,396,2022-02-25,326
438,315,2022-02-26,258
439,146,2022-02-27,57
440,146,2022-02-27,57
441,340,2022-02-28,284
442,336,2022-03-01,250
443,197,2022-03-02,127
444,147,2022-03-03,58
445,37,2022-03-04,27
446,578,2022-03-05,303
447,351,2022-03-06,138
448,351,2022-03-06,138
449,249,2022-03-07,128
450,171,2022-03-08,78
451,234,2022-03-09,108
452,322,2022-03-10,165
453,164,2022-03-11,83
454,441,2022-03-12,380
455,219,2022-03-13,87
456,219,2022-03-13,87
457,95,2022-03-14,55
458,36,2022-03-15,19
459,399,2022-03-16,336
460,178,2022-03-17,139
461,113,2022-03-18,78
462,70,2022-03-19,45
463,47,2022-03-20,33
464,47,2022-03-20,33
465,237,2022-03-21,210
466,37,2022-03-22,23
467,595,2022-03-23,465
468,163,2022-03-24,143
469,86,2022-03-25,52
470,98,2022-03-26,34
471,64,2022-03-27,31
472,64,2022-03-27,31
473,682,2022-03-28,486
474,81,2022-03-29,49
475,44,2022-03-30,30
476,88,2022-03-31,39
477,161,2022-04-01,93
478,70,2022-04-02,41
479,64,2022-04-03,29
480,64,2022-04-03,29
481,55,2022-04-04,25
482,45,2022-04-05,35
483,32,2022-04-06,23
484,38,2022-04-07,23
485,684,2022-04-08,589
486,148,2022-04-09,125
487,83,2022-04-10,59
488,83,2022-04-10,59
489,74,2022-04-11,34
490,160,2022-04-12,152
491,53,2022-04-13,38
492,48,2022-04-14,25
493,64,2022-04-15,28
494,75,2022-04-16,40
495,432,2022-04-17,401
496,432,2022-04-17,401
497,306,2022-04-18,268
498,149,2022-04-19,121
499,126,2022-04-20,105
500,60,2022-04-21,39
501,78,2022-04-22,61
502,56,2022-04-23,42
503,46,2022-04-24,36
504,46,2022-04-24,36
505,530,2022-04-25,409
506,99,2022-04-26,90
507,55,2022-04-27,44
508,601,2022-04-28,449
509,281,2022-04-29,249
510,106,2022-04-30,101
511,47,2022-05-01,36
512,47,2022-05-01,36
513,36,2022-05-02,24
514,57,2022-05-03,19
515,26,2022-05-04,24
516,192,2022-05-05,36
517,33,2022-05-06,29
518,47,2022-05-07,33
519,44,2022-05-08,35
520,44,2022-05-08,35
521,235,2022-05-09,158
522,285,2022-05-10,115
523,81,2022-05-11,65
524,196,2022-05-12,177
525,56,2022-05-13,51
526,50,2022-05-14,38
527,168,2022-05-15,127
528,168,2022-05-15,127
529,379,2022-05-16,327
530,487,2022-05-17,409
531,584,2022-05-18,360
532,260,2022-05-19,100
533,126,2022-05-20,49
534,43,2022-05-21,29
535,26,2022-05-22,22
536,26,2022-05-22,22
537,42,2022-05-23,32
538,59,2022-05-24,33
539,32,2022-05-25,24
540,53,2022-05-26,41
541,53,2022-05-27,28
542,375,2022-05-28,308
543,229,2022-05-29,185
544,229,2022-05-29,185
545,121,2022-05-30,105
546,64,2022-05-31,59
547,38,2022-06-01,25
548,45,2022-06-02,30
549,30,2022-06-03,21
550,58,2022-06-04,32
551,78,2022-06-05,31
552,78,2022-06-05,31
553,64,2022-06-06,28
554,45,2022-06-07,20
555,158,2022-06-08,30
556,14,2022-06-09,12
557,31,2022-06-10,25
558,28,2022-06-11,24
559,30,2022-06-12,27
560,30,2022-06-12,27
561,21,2022-06-13,15
562,88,2022-06-14,31
563,57,2022-06-15,29
564,151,2022-06-16,26
565,402,2022-06-17,365
566,235,2022-06-18,133
567,297,2022-06-19,242
568,297,2022-06-19,242
569,104,2022-06-20,80
570,71,2022-06-21,40
571,99,2022-06-22,31
572,72,2022-06-23,15
573,59,2022-06-24,22
574,53,2022-06-25,22
575,34,2022-06-26,21
576,34,2022-06-26,21
577,20,2022-06-27,15
578,44,2022-06-28,21
579,283,2022-06-29,251
580,83,2022-06-30,58
581,68,2022-07-01,46
582,43,2022-07-02,27
583,27,2022-07-03,19
584,27,2022-07-03,19
585,57,2022-07-04,23
586,30,2022-07-05,21
587,312,2022-07-06,254
588,190,2022-07-07,170
589,95,2022-07-08,57
590,97,2022-07-09,31
591,46,2022-07-10,28
592,46,2022-07-10,28
593,60,2022-07-11,30
594,40,2022-07-12,29
595,74,2022-07-13,28
596,216,2022-07-14,88
597,383,2022-07-15,320
598,122,2022-07-16,107
599,83,2022-07-17,58
600,83,2022-07-17,58
601,64,2022-07-18,30
602,33,2022-07-19,25
603,43,2022-07-20,19
604,437,2022-07-21,247
605,26,2022-07-22,19
606,48,2022-07-23,18
607,110,2022-07-24,33
608,110,2022-07-24,33
609,36,2022-07-25,20
610,20,2022-07-26,18
611,66,2022-07-27,25
612,32,2022-07-28,22
613,81,2022-07-29,16
614,39,2022-07-30,20
615,18,2022-07-31,13
616,18,2022-07-31,13
617,21,2022-08-01,19
618,41,2022-08-02,20
619,34,2022-08-03,22
620,36,2022-08-04,19
621,32,2022-08-05,24
622,48,2022-08-06,24
623,28,2022-08-07,24
624,28,2022-08-07,24
625,83,2022-08-08,20
626,52,2022-08-09,25
627,116,2022-08-10,23
628,816,2022-08-11,678
629,387,2022-08-12,371
630,194,2022-08-13,184
631,178,2022-08-14,176
632,178,2022-08-14,176
633,162,2022-08-15,91
634,61,2022-08-16,47
635,89,2022-08-17,38
636,35,2022-08-18,27
637,45,2022-08-19,36
638,19,2022-08-20,14
639,37,2022-08-21,25
640,37,2022-08-21,25
641,175,2022-08-22,95
642,93,2022-08-23,51
643,47,2022-08-24,23
644,430,2022-08-25,316
645,190,2022-08-26,66
646,116,2022-08-27,50
647,64,2022-08-28,29
648,64,2022-08-28,29
649,97,2022-08-29,36
650,179,2022-08-30,28
651,53,2022-08-31,20
652,529,2022-09-01,412
653,131,2022-09-02,87
654,78,2022-09-03,60
655,110,2022-09-04,37
656,110,2022-09-04,37
657,50,2022-09-05,36
658,625,2022-09-06,565
659,671,2022-09-07,527
660,386,2022-09-08,277
661,717,2022-09-09,627
662,121,2022-09-10,101
663,44,2022-09-11,30
664,44,2022-09-11,30
665,63,2022-09-12,52
666,299,2022-09-13,255
667,121,2022-09-14,67
668,349,2022-09-15,296
669,138,2022-09-16,122
670,87,2022-09-17,76
671,68,2022-09-18,40
672,68,2022-09-18,40
673,57,2022-09-19,39
674,702,2022-09-20,656
675,158,2022-09-21,127
676,97,2022-09-22,77
677,66,2022-09-23,50
678,221,2022-09-24,122
679,87,2022-09-25,68
680,87,2022-09-25,68
681,28,2022-09-26,21
682,33,2022-09-27,31
683,54,2022-09-28,26
684,250,2022-09-29,161
685,218,2022-09-30,152
686,80,2022-10-01,58
687,11,2022-10-02,10
688,11,2022-10-02,10
689,39,2022-10-03,27
690,96,2022-10-04,36
691,59,2022-10-05,25
692,67,2022-10-06,20
693,71,2022-10-07,32
694,40,2022-10-08,19
695,37,2022-10-09,19
696,37,2022-10-09,19
697,227,2022-10-10,31
698,43,2022-10-11,26
699,1778,2022-10-12,1434
700,1129,2022-10-13,939
701,207,2022-10-14,198
702,137,2022-10-15,114
703,105,2022-10-16,67
704,105,2022-10-16,67
705,162,2022-10-17,64
706,79,2022-10-18,30
707,455,2022-10-19,307
708,258,2022-10-20,171
709,575,2022-10-21,407
710,789,2022-10-22,557
711,189,2022-10-23,128
712,189,2022-10-23,128
713,160,2022-10-24,78
714,373,2022-10-25,295
715,1773,2022-10-26,1503
716,655,2022-10-27,521
717,310,2022-10-28,256
718,45,2022-10-29,26
719,64,2022-10-30,27
720,64,2022-10-30,27
721,60,2022-10-31,33
722,49,2022-11-01,34
723,1557,2022-11-02,1225
724,895,2022-11-03,605
725,299,2022-11-04,190
726,12644,2022-11-05,10299
727,4192,2022-11-06,3566
728,4192,2022-11-06,3566
729,2490,2022-11-07,2164
730,656,2022-11-08,513
731,432,2022-11-09,383
732,255,2022-11-10,202
733,579,2022-11-11,509
734,287,2022-11-12,231
735,271,2022-11-13,210
736,271,2022-11-13,210
737,974,2022-11-14,948
738,1010,2022-11-15,800
739,430,2022-11-16,379
740,242,2022-11-17,225
741,235,2022-11-18,195
742,157,2022-11-19,132
743,97,2022-11-20,94
744,97,2022-11-20,94
745,147,2022-11-21,137
746,347,2022-11-22,211
747,184,2022-11-23,173
748,142,2022-11-24,119
749,338,2022-11-25,314
750,222,2022-11-26,193
751,209,2022-11-27,192
752,209,2022-11-27,192
753,132,2022-11-28,116
754,146,2022-11-29,107
755,198,2022-11-30,195
756,408,2022-12-01,333
757,495,2022-12-02,423
758,253,2022-12-03,223
759,274,2022-12-04,197
760,274,2022-12-04,197
761,101,2022-12-05,82
762,186,2022-12-06,147
763,213,2022-12-07,173
764,142,2022-12-08,101
765,111,2022-12-09,96
766,99,2022-12-10,56
767,186,2022-12-11,80
768,186,2022-12-11,80
769,118,2022-12-12,73
770,155,2022-12-13,80
771,81,2022-12-14,73
772,50,2022-12-15,42
773,83,2022-12-16,60
774,85,2022-12-17,47
775,67,2022-12-18,47
776,67,2022-12-18,47
777,275,2022-12-19,100
778,130,2022-12-20,114
779,97,2022-12-21,81
780,198,2022-12-22,168
781,281,2022-12-23,269
782,161,2022-12-24,128
783,176,2022-12-25,115
784,176,2022-12-25,115
785,143,2022-12-26,133
786,190,2022-12-27,157
787,137,2022-12-28,97
788,401,2022-12-29,257
789,296,2022-12-30,196
790,87,2022-12-31,86
791,130,2023-01-01,114
792,130,2023-01-01,114
793,105,2023-01-02,81
794,934,2023-01-03,728
795,588,2023-01-04,448
796,183,2023-01-05,170
797,136,2023-01-06,114
798,78,2023-01-07,68
799,464,2023-01-08,408
800,464,2023-01-08,408
801,202,2023-01-09,146
802,122,2023-01-10,102
803,221,2023-01-11,93
804,193,2023-01-12,156
805,171,2023-01-13,119
806,99,2023-01-14,80
807,86,2023-01-15,60
808,86,2023-01-15,60
809,99,2023-01-16,65
810,129,2023-01-17,69
811,82,2023-01-18,62
812,80,2023-01-19,66
813,154,2023-01-20,81
814,138,2023-01-21,111
815,131,2023-01-22,92
816,131,2023-01-22,92
817,162,2023-01-23,78
818,1436,2023-01-24,1058
819,722,2023-01-25,517
820,227,2023-01-26,208
821,289,2023-01-27,188
822,2781,2023-01-28,2258
823,861,2023-01-29,764
